phi	25	-54.534	1.00
phi	26	-65.666	1.00
phi	27	-68.593	1.00
phi	28	-95.159	1.00
phi	29	-102.876	1.00
phi	30	-116.917	1.00
phi	31	-140.359	1.00
phi	32	-80.752	1.00
phi	33	-53.838	1.00
phi	34	91.852	1.00
phi	35	-72.169	1.00
phi	36	-92.591	1.00
phi	37	-109.337	1.00
phi	38	-124.067	1.00
phi	39	-115.314	1.00
phi	40	-108.507	1.00
phi	41	-88.044	1.00
phi	42	-80.059	1.00
phi	43	-99.376	1.00
phi	44	-95.866	1.00
phi	45	-137.630	1.00
phi	46	-62.921	1.00
phi	47	-144.722	1.00
phi	48	-78.270	1.00
phi	49	-97.866	1.00
phi	50	-121.535	1.00
phi	51	-111.404	1.00
phi	52	-125.048	1.00
phi	53	-119.813	1.00
phi	54	50.783	1.00
phi	55	79.290	1.00
phi	56	-95.538	1.00
phi	57	-58.613	1.00
phi	58	-103.714	1.00
phi	59	-87.704	1.00
phi	60	-64.972	1.00
phi	61	-147.731	1.00
phi	62	-60.049	1.00
phi	63	-109.787	1.00
phi	64	-108.557	1.00
phi	65	-115.378	1.00
phi	66	-100.984	1.00
phi	67	-127.515	1.00
phi	68	56.776	1.00
phi	69	-73.675	1.00
phi	70	-109.352	1.00
phi	71	-102.136	1.00
phi	72	-103.779	1.00
phi	73	-113.749	1.00
phi	74	-86.192	1.00
phi	75	57.416	1.00
phi	76	-51.912	1.00
phi	77	-122.008	1.00
phi	78	-59.087	1.00
phi	79	-67.485	1.00
phi	80	-83.649	1.00
phi	81	-64.997	1.00
phi	82	153.850	1.00
phi	83	-88.221	1.00
phi	84	-98.888	1.00
phi	85	-124.676	1.00
phi	86	-103.390	1.00
phi	87	-108.312	1.00
phi	88	-94.857	1.00
phi	89	-108.029	1.00
phi	90	-109.735	1.00
phi	91	-68.030	1.00
phi	92	-119.733	1.00
phi	93	-150.472	1.00
phi	94	-140.038	1.00
phi	95	-127.020	1.00
phi	96	-127.638	1.00
phi	97	-105.189	1.00
phi	98	-116.977	1.00
phi	99	-135.146	1.00
phi	100	-95.870	1.00
phi	101	-107.192	1.00
phi	102	-119.221	1.00
phi	103	-97.228	1.00
phi	104	-133.711	1.00
phi	105	-50.628	1.00
phi	106	-61.912	1.00
phi	129	-89.630	1.00
phi	130	-67.266	1.00
phi	131	-145.085	1.00
phi	132	-62.147	1.00
phi	133	-59.745	1.00
phi	134	-144.262	1.00
phi	135	-75.489	1.00
phi	136	-89.439	1.00
phi	137	-149.150	1.00
phi	138	-77.706	1.00
phi	139	-69.831	1.00
phi	140	-79.599	1.00
phi	141	-105.783	1.00
phi	142	-61.594	1.00
phi	143	-73.619	1.00
phi	144	-148.233	1.00
phi	145	-87.813	1.00
phi	146	-88.898	1.00
phi	147	47.570	1.00
phi	148	-73.875	1.00
phi	149	-59.610	1.00
phi	150	-51.786	1.00
phi	151	75.615	1.00
phi	152	-77.655	1.00
phi	153	-93.892	1.00
phi	154	-116.512	1.00
phi	155	-122.457	1.00
phi	156	-94.497	1.00
phi	157	-122.968	1.00
phi	158	-129.578	1.00
phi	159	-65.918	1.00
phi	160	-136.324	1.00
phi	161	-130.763	1.00
phi	162	162.128	1.00
phi	163	-139.897	1.00
phi	164	-63.373	1.00
phi	165	-52.096	1.00
phi	166	-70.139	1.00
phi	167	-101.087	1.00
phi	168	-122.766	1.00
phi	169	-133.647	1.00
phi	170	-112.419	1.00
phi	171	-115.429	1.00
phi	172	-113.538	1.00
phi	173	50.511	1.00
phi	174	79.319	1.00
phi	175	-105.792	1.00
phi	176	-53.023	1.00
phi	177	-89.224	1.00
phi	178	-109.751	1.00
phi	179	-58.956	1.00
phi	180	-63.282	1.00
phi	181	-89.751	1.00
phi	182	-123.341	1.00
phi	183	-67.210	1.00
phi	184	100.133	1.00
phi	185	66.178	1.00
phi	186	-151.774	1.00
phi	187	-115.400	1.00
phi	188	-96.689	1.00
phi	189	-107.491	1.00
phi	190	-59.531	1.00
phi	191	-64.018	1.00
phi	192	-104.705	1.00
phi	193	47.657	1.00
phi	194	-140.206	1.00
phi	195	-113.272	1.00
phi	196	-115.522	1.00
phi	197	-118.947	1.00
phi	198	-86.021	1.00
phi	199	49.390	1.00
phi	200	-62.554	1.00
phi	201	-122.497	1.00
phi	202	-54.083	1.00
phi	203	-66.287	1.00
phi	204	-78.673	1.00
phi	205	-52.042	1.00
phi	206	152.882	1.00
phi	207	-94.301	1.00
phi	208	-110.485	1.00
phi	209	-113.025	1.00
phi	210	-81.177	1.00
phi	211	-117.699	1.00
phi	212	-115.483	1.00
phi	213	-143.248	1.00
phi	214	-138.532	1.00
phi	215	-62.309	1.00
phi	216	-101.987	1.00
phi	217	157.405	1.00
phi	218	-141.078	1.00
phi	219	-127.385	1.00
phi	220	-142.364	1.00
phi	221	-140.394	1.00
phi	222	-115.892	1.00
phi	223	-99.496	1.00
phi	224	-103.222	1.00
phi	225	-99.885	1.00
phi	226	-105.912	1.00
phi	227	-109.582	1.00
phi	228	-94.393	1.00
phi	229	-60.188	1.00
phi	230	-61.918	1.00
phi	231	-58.069	1.00
phi	232	-57.020	1.00
phi	233	-130.937	1.00
phi	234	-60.463	1.00
phi	235	-54.308	1.00
phi	236	-106.974	1.00
phi	237	-93.577	1.00
phi	238	-60.496	1.00
phi	239	-57.600	1.00
phi	240	73.768	1.00
phi	241	-119.997	1.00
phi	242	-67.134	1.00
phi	243	-91.371	1.00
phi	244	-57.558	1.00
phi	245	-125.834	1.00
phi	246	-134.306	1.00
phi	247	-147.454	1.00
phi	248	-92.762	1.00
phi	249	-52.311	1.00
phi	250	88.586	1.00
phi	251	-75.073	1.00
phi	252	-109.597	1.00
phi	253	-133.570	1.00
phi	254	-121.117	1.00
phi	255	-106.963	1.00
phi	256	-110.388	1.00
phi	257	-130.472	1.00
phi	258	-81.084	1.00
phi	259	-116.465	1.00
phi	260	-111.752	1.00
phi	261	-151.909	1.00
phi	262	-77.934	1.00
phi	263	-106.335	1.00
phi	264	-53.695	1.00
phi	265	-82.518	1.00
phi	266	-97.713	1.00
phi	267	-102.702	1.00
phi	268	-135.331	1.00
phi	269	-102.225	1.00
phi	270	-124.972	1.00
phi	271	-103.879	1.00
phi	272	-75.675	1.00
phi	273	-127.687	1.00
phi	274	-97.847	1.00
phi	275	-127.480	1.00
phi	276	52.794	1.00
phi	277	75.602	1.00
phi	278	-119.219	1.00
phi	279	-80.207	1.00
phi	280	-124.486	1.00
phi	281	-72.925	1.00
phi	282	-59.899	1.00
phi	283	-83.841	1.00
phi	284	78.698	1.00
phi	285	-86.502	1.00
phi	286	-68.841	1.00
phi	287	-75.315	1.00
phi	288	-121.880	1.00
phi	289	-119.628	1.00
phi	290	-71.734	1.00
phi	291	-97.692	1.00
phi	292	-149.202	1.00
phi	293	-139.656	1.00
phi	294	-64.076	1.00
phi	295	-93.109	1.00
phi	296	-59.098	1.00
phi	297	-120.795	1.00
phi	298	-87.380	1.00
phi	299	-72.239	1.00
phi	300	-54.010	1.00
phi	301	-60.734	1.00
phi	302	-74.650	1.00
phi	303	-85.711	1.00
phi	304	-58.879	1.00
phi	305	-116.266	1.00
phi	306	-106.683	1.00
phi	307	-96.185	1.00
phi	308	-119.417	1.00
phi	309	-103.009	1.00
phi	310	50.783	1.00
phi	311	-57.562	1.00
phi	312	-116.000	1.00
phi	313	-60.460	1.00
phi	314	-69.605	1.00
phi	315	-81.756	1.00
phi	316	-57.597	1.00
phi	317	133.034	1.00
phi	318	-93.191	1.00
phi	319	-120.433	1.00
phi	320	-114.655	1.00
phi	321	-88.411	1.00
phi	322	-116.029	1.00
phi	323	-124.951	1.00
phi	324	-128.520	1.00
phi	325	-132.499	1.00
phi	326	-63.287	1.00
phi	327	-102.851	1.00
phi	328	172.775	1.00
phi	329	-122.422	1.00
phi	330	-131.409	1.00
phi	331	-150.705	1.00
phi	332	-131.299	1.00
phi	333	-115.587	1.00
phi	334	-140.278	1.00
phi	335	-100.621	1.00
phi	336	-99.486	1.00
phi	337	-100.611	1.00
phi	338	-109.194	1.00
phi	339	-98.295	1.00
phi	340	-62.569	1.00
phi	341	-63.342	1.00
phi	342	-55.476	1.00
phi	343	101.095	1.00
phi	344	-106.421	1.00
phi	345	-65.649	1.00
phi	346	-57.987	1.00
phi	347	-55.687	1.00
phi	348	-71.871	1.00
phi	349	-63.210	1.00
phi	350	-57.659	1.00
phi	351	-64.541	1.00
phi	352	-90.990	1.00
phi	353	-141.755	1.00
phi	354	-156.101	1.00