psi	26	106.905	1.00
psi	27	136.890	1.00
psi	28	118.778	1.00
psi	29	126.541	1.00
psi	30	132.224	1.00
psi	31	150.757	1.00
psi	32	151.002	1.00
psi	33	131.846	1.00
psi	34	-18.453	1.00
psi	35	158.565	1.00
psi	36	129.195	1.00
psi	37	138.284	1.00
psi	38	125.156	1.00
psi	39	129.071	1.00
psi	40	124.327	1.00
psi	41	114.736	1.00
psi	42	91.235	1.00
psi	43	140.628	1.00
psi	44	-22.929	1.00
psi	45	164.997	1.00
psi	46	123.292	1.00
psi	47	156.667	1.00
psi	48	117.638	1.00
psi	49	129.239	1.00
psi	50	140.221	1.00
psi	51	139.992	1.00
psi	52	150.080	1.00
psi	53	123.527	1.00
psi	54	38.127	1.00
psi	55	-4.443	1.00
psi	56	134.223	1.00
psi	57	130.827	1.00
psi	58	106.719	1.00
psi	59	157.478	1.00
psi	60	142.290	1.00
psi	61	-173.138	1.00
psi	62	-20.437	1.00
psi	63	-27.564	1.00
psi	64	111.565	1.00
psi	65	129.058	1.00
psi	66	118.015	1.00
psi	67	91.602	1.00
psi	68	-119.102	1.00
psi	69	-5.174	1.00
psi	70	134.177	1.00
psi	71	115.089	1.00
psi	72	129.837	1.00
psi	73	110.179	1.00
psi	74	132.777	1.00
psi	75	57.389	1.00
psi	76	139.060	1.00
psi	77	158.474	1.00
psi	78	-19.415	1.00
psi	79	-19.191	1.00
psi	80	-5.721	1.00
psi	81	139.911	1.00
psi	82	-176.193	1.00
psi	83	117.479	1.00
psi	84	138.766	1.00
psi	85	129.120	1.00
psi	86	114.958	1.00
psi	87	118.129	1.00
psi	88	116.941	1.00
psi	89	125.813	1.00
psi	90	179.205	1.00
psi	91	-23.070	1.00
psi	92	-17.854	1.00
psi	93	168.489	1.00
psi	94	140.533	1.00
psi	95	139.754	1.00
psi	96	126.787	1.00
psi	97	144.146	1.00
psi	98	141.019	1.00
psi	99	134.252	1.00
psi	100	122.051	1.00
psi	101	124.253	1.00
psi	102	105.475	1.00
psi	103	101.403	1.00
psi	104	143.474	1.00
psi	105	125.850	1.00
psi	106	90.908	1.00
psi	129	92.827	1.00
psi	130	125.610	1.00
psi	131	132.421	1.00
psi	132	159.836	1.00
psi	133	144.667	1.00
psi	134	154.029	1.00
psi	135	129.397	1.00
psi	136	-26.153	1.00
psi	137	98.694	1.00
psi	138	-19.508	1.00
psi	139	-30.634	1.00
psi	140	2.196	1.00
psi	141	69.564	1.00
psi	142	127.961	1.00
psi	143	-15.164	1.00
psi	144	110.185	1.00
psi	145	101.613	1.00
psi	146	136.104	1.00
psi	147	57.648	1.00
psi	148	125.595	1.00
psi	149	144.851	1.00
psi	150	147.887	1.00
psi	151	-7.288	1.00
psi	152	165.255	1.00
psi	153	135.732	1.00
psi	154	133.912	1.00
psi	155	116.305	1.00
psi	156	138.255	1.00
psi	157	127.515	1.00
psi	158	63.993	1.00
psi	159	117.999	1.00
psi	160	155.110	1.00
psi	161	174.537	1.00
psi	162	164.285	1.00
psi	163	112.013	1.00
psi	164	159.798	1.00
psi	165	122.941	1.00
psi	166	160.940	1.00
psi	167	153.013	1.00
psi	168	136.577	1.00
psi	169	155.457	1.00
psi	170	140.070	1.00
psi	171	142.235	1.00
psi	172	121.201	1.00
psi	173	41.538	1.00
psi	174	-3.003	1.00
psi	175	148.115	1.00
psi	176	128.001	1.00
psi	177	107.811	1.00
psi	178	146.642	1.00
psi	179	-36.225	1.00
psi	180	-18.145	1.00
psi	181	-2.727	1.00
psi	182	118.713	1.00
psi	183	120.881	1.00
psi	184	-7.720	1.00
psi	185	-178.272	1.00
psi	186	162.363	1.00
psi	187	120.445	1.00
psi	188	120.956	1.00
psi	189	89.234	1.00
psi	190	-38.726	1.00
psi	191	-29.635	1.00
psi	192	9.383	1.00
psi	193	49.415	1.00
psi	194	150.537	1.00
psi	195	125.508	1.00
psi	196	125.369	1.00
psi	197	114.551	1.00
psi	198	152.461	1.00
psi	199	55.904	1.00
psi	200	141.639	1.00
psi	201	161.844	1.00
psi	202	-32.364	1.00
psi	203	-14.212	1.00
psi	204	-11.678	1.00
psi	205	136.366	1.00
psi	206	-172.722	1.00
psi	207	123.994	1.00
psi	208	118.114	1.00
psi	209	119.401	1.00
psi	210	132.943	1.00
psi	211	121.155	1.00
psi	212	123.374	1.00
psi	213	147.261	1.00
psi	214	-176.007	1.00
psi	215	-14.154	1.00
psi	216	-5.267	1.00
psi	217	-176.436	1.00
psi	218	147.660	1.00
psi	219	154.901	1.00
psi	220	154.609	1.00
psi	221	136.333	1.00
psi	222	126.655	1.00
psi	223	143.438	1.00
psi	224	117.124	1.00
psi	225	118.787	1.00
psi	226	122.285	1.00
psi	227	117.575	1.00
psi	228	127.295	1.00
psi	229	137.365	1.00
psi	230	134.546	1.00
psi	231	127.912	1.00
psi	232	129.167	1.00
psi	233	158.814	1.00
psi	234	156.767	1.00
psi	235	143.737	1.00
psi	236	125.061	1.00
psi	237	139.887	1.00
psi	238	128.337	1.00
psi	239	143.962	1.00
psi	240	1.053	1.00
psi	241	136.156	1.00
psi	242	147.475	1.00
psi	243	149.561	1.00
psi	244	139.862	1.00
psi	245	151.735	1.00
psi	246	136.320	1.00
psi	247	169.271	1.00
psi	248	157.963	1.00
psi	249	130.538	1.00
psi	250	-9.603	1.00
psi	251	170.413	1.00
psi	252	149.430	1.00
psi	253	141.485	1.00
psi	254	125.340	1.00
psi	255	129.797	1.00
psi	256	132.304	1.00
psi	257	93.820	1.00
psi	258	128.396	1.00
psi	259	129.345	1.00
psi	260	121.999	1.00
psi	261	135.940	1.00
psi	262	-22.404	1.00
psi	263	148.244	1.00
psi	264	116.002	1.00
psi	265	146.463	1.00
psi	266	112.583	1.00
psi	267	135.620	1.00
psi	268	141.748	1.00
psi	269	127.861	1.00
psi	270	136.016	1.00
psi	271	133.678	1.00
psi	272	128.973	1.00
psi	273	156.312	1.00
psi	274	140.917	1.00
psi	275	129.501	1.00
psi	276	36.238	1.00
psi	277	9.029	1.00
psi	278	140.578	1.00
psi	279	-16.567	1.00
psi	280	143.220	1.00
psi	281	172.067	1.00
psi	282	-20.896	1.00
psi	283	-1.153	1.00
psi	284	3.204	1.00
psi	285	143.391	1.00
psi	286	145.742	1.00
psi	287	121.932	1.00
psi	288	142.718	1.00
psi	289	118.905	1.00
psi	290	124.646	1.00
psi	291	-42.530	1.00
psi	292	140.247	1.00
psi	293	144.653	1.00
psi	294	126.479	1.00
psi	295	172.162	1.00
psi	296	-21.613	1.00
psi	297	11.568	1.00
psi	298	134.509	1.00
psi	299	140.112	1.00
psi	300	-39.590	1.00
psi	301	-32.658	1.00
psi	302	-28.213	1.00
psi	303	-30.331	1.00
psi	304	-17.033	1.00
psi	305	128.359	1.00
psi	306	114.497	1.00
psi	307	128.702	1.00
psi	308	113.243	1.00
psi	309	150.036	1.00
psi	310	54.883	1.00
psi	311	138.403	1.00
psi	312	169.653	1.00
psi	313	-25.071	1.00
psi	314	-20.344	1.00
psi	315	-14.091	1.00
psi	316	145.982	1.00
psi	317	-165.698	1.00
psi	318	133.051	1.00
psi	319	128.769	1.00
psi	320	126.579	1.00
psi	321	122.384	1.00
psi	322	127.985	1.00
psi	323	126.511	1.00
psi	324	147.097	1.00
psi	325	-171.531	1.00
psi	326	-11.272	1.00
psi	327	-33.569	1.00
psi	328	-173.740	1.00
psi	329	143.252	1.00
psi	330	151.596	1.00
psi	331	150.003	1.00
psi	332	144.920	1.00
psi	333	150.491	1.00
psi	334	153.869	1.00
psi	335	136.246	1.00
psi	336	119.543	1.00
psi	337	124.524	1.00
psi	338	119.946	1.00
psi	339	153.512	1.00
psi	340	147.803	1.00
psi	341	141.157	1.00
psi	342	127.464	1.00
psi	343	3.314	1.00
psi	344	67.149	1.00
psi	345	124.957	1.00
psi	346	113.517	1.00
psi	347	98.641	1.00
psi	348	84.834	1.00
psi	349	103.517	1.00
psi	350	114.631	1.00
psi	351	120.439	1.00
psi	352	75.277	1.00
psi	353	78.510	1.00
psi	354	87.841	1.00